667095
167892
816539
96831
297969
182262
14742
375921
997728
467903
794376
61787
139230
923055
345121
90939
448932
788307
236600
727543
239823
956907
311729
820885
518511
387821
355828
336022
509992
455028
172072
189925
824031
973533
720593
112545
595777
6228
118398
70824
325970
99307
358409
142076
242032
400961
72285
230637
440262
28917
12969
455004
562477
674907
784953
777921
410109
871808
68390
548520
141237
707583
532641
311229
486264
112032
843759
630567
210887
731523
269038
313455
319551
917748
409323
879522
400072
973542
165669
73524
519435
277297
917232
809015
113247
600155
222634
580909
40986
350500
295603
44902
123643
918842
994302
735340
97916
705381
709290
481529
460454
229770
334085
22847
311418
865592
999606
790506
610738
981003
712439
60519
377608
314951
314391
657936
792990
729510
816231
827029
667980
245478
834735
995838
453915
151209
915240
506057
749924
6534
402339
39681
568269
795822
454059
387353
190638
417851
956718
237460
414293
12342
584004
828812
883203
388773
786643
516516
648043
164305
878503
516892
557694
202659
946758
379395
694284
179715
139924
349239
948138
898302
225472
601412
6226
706500
14469
729618
866715
741756
385219
434771
622377
152751
79938
856977
572237
863344
803907
721371
64119
549729
925933
212025
402539
215607
340522
427805
630809
931257
169644
564717
475106
555903
458781
176434
942201
983598
568448
396850
676786
608851
155259
743556
406692
484132
310317
757452
529882
549861
539080
380115
544596
980136
831645
25005
992811
19680
852349
311360
817986
204403
227016
328405
722826
851322
542655
516607
13922
568449
263547
291564
884254
288974
400829
357420
778617
249526
523848
800769
280337
179514
724185
859602
740364
939524
748308
112574
441815
150402
841158
548123
667272
639626
992803
759201
765912
527621
564228
122277
974610
145593
490179
643657
625368
598715
932364
913887
426594
404980
759659
435537
794596
535992
369509
43251
780752
468076
388706
708195
886161
949589
205527
148332
120855
97719
623082
451494
181503
634314
471835
165801
452682
42238
921928
440152
161829
617462
513054
717567
447546
352275
873211
199255
58356
555084
263587
324324
728457
285788
80771
358642
42406
957226
205860
111516
52367
698815
750288
911981
708183
585834
461316
449050
80556
279981
784221
656240
44471
435786
441693
464118
152478
85124
603956
964509
935434
822849
714042
709020
345612
988133
682536
860451
843297
204061
388133
122413
197376
697421
581526
925019
109464
560070
181603
232507
19027
489053
476790
989118
736209
897407
512777
772159
362153
629840
113321
279718
362436
720174
222721
576674
272519
133770
780912
407497
185742
373875
189529
39228
398244
725934
777931
467112
457093
822042
394914
832437
319602
904211
503337
919131
609213
804944
282368
875493
337249
116709
233893
727050
659456
217598
872460
497660
26333
894904
925773
205389
181718
158064
68774
966391
244460
844833
138562
528619
919622
813555
489898
929178
337547
822051
678870
372416
297050
191704
922673
562279
315030
216300
1996
430942
223050
715561
365310
57637
246785
249291
355524
755088
916295
191114
188349
864981
421941
335799
644007
336644
948288
227994
857678
554334
613341
230087
711790
702021
840796
364320
872073
494621
753732
299255
32260
573250
378972
472068
118191
358215
45625
703608
534972
591867
175988
861090
678109
404858
604128
607005
505295
403757
993523
439401
512046
69315
744181
73938
443118
812133
97818
981052
469716
179553
990274
471894
443677
778619
963787
146569
139165
658092
468443
681993
908448
439341
686151
713773
629688
99387
377401
941556
544698
271617
449618
305146
975458
612745
184777
785473
103008
878031
788823
399169
436002
502138
255834
696290
548703
209817
131868
202839
383772
79215
504447
536239
560934
306582
89361
865222
906297
442233
644871
478709
588965
253596
601150
239310
124066
451347
857666
411177
983837
992034
292842
530088
393756
4966
830599
284229
351645
126609
631072
618921
435494
432627
718619
818079
86097
531370
732921
962325
867842
653823
388872
599256
240089
422895
554022
122355
998186
766773
40749
625446
167139
833832
771575
794364
635198
331539
218798
989023
490191
363881
387317
416101
177849
334251
565019
5286
677646
710889
610830
2228
599536
543654
454026
396951
323397
281814
569454
200466
507466
321660
146651
37410
401973
83454
756302
938727
708673
142344
66673
182943
109865
209790
892283
477642
160674
413258
431847
563284
365673
293877
813921
35235
737193
640170
946153
791153
725769
123122
901026
907038
919380
339874
627525
601830
35802
91222
992635
2184
604957
127761
99489
292929
122517
802154
876512
2862
40482
962844
867123
898560
90387
656887
711832
890491
483532
37365
504584
80356
648648
416574
105048
281199
918234
658749
24841
629514
327600
242053
800873
928683
251119
258699
621819
816039
37638
65074
497498
822223
229313
321680
389837
276808
20923
861027
632422
218622
420838
749254
351707
135546
14659
84038
709020
659368
832794
733447
776933
23187
937560
327054
969873
649845
341880
770910
689409
315766
14563
416652
383049
561204
954615
923739
744936
750106
759936
401820
525938
49098
766788
223240
240985
423108
746130
373428
59442
419256
828768
658196
603522
623754
724084
102726
570679
984150
308329
661104
562215
52988
800342
397382
357609
592018
932076
148884
689802
168313
792880
805343
213752
788711
466519
377961
367734
668412
989296
676189
183255
744615
638903
76068
442122
369898
743701
713727
926763
500688
460152
331777
491962
765711
822654
980289
863616
425238
106074
164847
587856
205668
296525
108117
81192
985423
496319
293412
314054
671357
294162
916943
54920
149809
259176
143212
238503
18729
415530
611040
375855
509058
50715
817308
444687
452158
80528
583497
985358
682038
474530
867204
871749
655746
611097
884610
434473
636156
804979
172375
887984
230316
223619
316602
968179
146502
21021
454458
288445
172041
394792
178776
992568
112252
480249
372140
519451
84007
29649
358808
241077
239016
194634
173568
333814
792322
48380
809571
519543
96353
397041
574413
886553
49345
127483
386672
538068
305084
995444
17865
280456
150003
804408
57319
942452
528857
202176
946372
26496
187887
588702
995782
819203
505725
193495
217827
376059
935131
993212
29498
179127
915774
243936
935631
738206
76747
515462
413225
740397
850435
778400
192227
987804
908523
570934
728475
322728
888884
344043
278330
881673
886259
392769
231651
279924
124603
248304
472866
367933
321783
515151
867716
535150
751824
50589
896818
292669
386433
207333
804814
646506
360824
578639
892381
857115
277327
899323
726467
677670
614538
287270
953689
281025
781368
256257
212695
701777
145543
572145
996591
744834
87036
749412
59129
567009
381069
977015
138830
893671
809846
527940
727560
635634
856269
768924
756184
714210
547681
157860
655328
773766
498336
121069
440803
216370
378180
532329
646492
96186
696346
444927
833735
135492
494903
475020
517903
705285
754534
95458
814408
448767
958821
366816
415125
846780
745962
223680
54525
510853
723099
834345
440037
390698
279591
243576
95977
379036
115129
982490
144848
791639
465939
231959
462847
838181
671480
958739
187985
396109
789679
510674
880348
320697
144276
599806
227920
194961
516178
968555
327205
761049
265233
865401
290183
96795
766029
863178
495343
443551
89429
185908
506190
874387
263872
450056
155649
324009
779126
290407
277497
342963
802395
117111
414253
265278
832986
191025
144664
175635
206802
256443
645810
530132
432639
303653
482163
234909
868527
603792
509602
348309
471825
750904
314301
243980
541365
681963
193547
112035
540897
854546
119664
668592
795574
96302
310311
559293
600284
952315
216129
978534
744049
156966
93296
729337
973789
453321
730335
423360
241623
665147
554904
343639
362802
944682
105586
531858
163845
901368
741007
347255
566914
444983
782303
933528
8002
730711
138936
670551
237570
680127
241476
657594
3421
720797
626829
444606
632241
388458
609107
821134
102298
924277
195865
788292
989181
837669
127952
163456
370411
460
124803
741326
211017
634944
613263
64764
638821
263701
831054
526484
259400
64485
380985
856674
442997
822010
682847
994080
363011
666267
734097
30327
880845
963727
381668
903210
391096
32722
428715
546970
746367
761158
638992
611757
956011
117531
271280
781038
373890
816231
59609
578389
21840
408119
202629
411441
490770
836401
585537
862251
260154
608967
953785
991245
844987
983360
384930
89223
531095
751128
102320
515482
597710
784108
28467
525947
992628
940349
795679
366155
269425
999247
302885
391797
609868
586350
312417
27698
919481
514414
612304
148453
575604
802907
568800
24409
92855
676122
502623
216603
172395
344855
81300
257807
40334
893601
152318
291708
536697
804843
393981
258784
964436
194082
629407
148959
8718
435105
647241
968751
816305
515306
686616
768890
869389
295947
777546
25890
482111
519663
414447
932120
482083
611
235631
97263
757728
212678
571233
718340
221898
444015
147906
854406
666995
123711
534000
485226
765093
652938
210836
376328
810486
589287
749890
715613
668286
610947
41832
826902
339884
196246
723627
337403
263816
309706
471762
234437
89046
480728
12942
947848
574219
323968
37508
464247
781443
298493
261939
991382
741150
454297
707461
442666
540609
873067
569955
926981
648265
135945
22437
543210
525817
789674
703651
15432
151484
150774
992723
477640
454449
8793
253696
364986
208976
305292
417031
622799
790197
788319
577132
207935
446808
306342
831439
437017
408184
929577
606905
855471
532013
283428
775453
429021
677677
317411
32581
118790
525427
174057
837074
284608
861360
343707
745862
288979
478254
188424
170082
356178
308210
479618
968814
444003
330150
926913
838886
351833
129584
920066
260106
242088
954975
702782
580733
573482
693963
147483
635141
477451
753480
922610
859173
304263
265023
324576
709182
940257
779779
792616
613079
806035
813608
296956
963711
814467
953893
998101
273975
858056
557526
256441
920412
609063
981018
155474
27348
664610
307621
505731
246165
977094
358835
490006
52078
842022
159747
704217
272452
437102
288254
841995
709722
183898
420654
343593
834820
536673
380898
215133
618443
195995
675466
239549
483024
746245
728043
65513
754557
582266
801626
27783
39270
631794
490968
968586
317787
550449
527796
914166
417080
787940
636325
681576
435866
27922
73205
670644
260988
496210
702363
384958
303614
38268
225294
747878
42735
254050
704946
321840
41425
501189
928774
637224
350397
97207
426465
586537
804505
992079
937260
866766
471015
397959
612279
198627
775509
710755
280879
424417
362757
630370
655916
950983
214857
950493
236541
684294
203414
213204
876069
662272
672678
657573
402007
971968
618819
534768
875973
819970
462772
474803
362580
205764
156854
128784
916407
564551
860208
58628
18315
607600
131879
535464
950286
17871
923013
322056
600172
753034
32275
368904
287716
833377
420377
123667
772461
510627
462050
724842
637296
743350
938403
686868
91861
6118
261029
761727
817785
611629
639171
591624
522462
58311
690459
949179
673845
564912
235494
973141
279430
892971
720708
984711
986177
153576
632632
461538
182273
340087
761917
184671
445493
580505
507668
871992
724308
594213
411899
267803
544698
404891
491956
643370
110781
856570
310275
758485
363204
838075
88796
563979
42126
353963
619580
972145
873300
914873
381367
432477
672284
2634
4086
319826
153530
696937
365907
963924
371600
722349
672771
973575
642104
695970
344834
713793
299025
617655
69366
925662
469968
965435
153751
939876
250335
247376
90246
862407
748935
352713
473164
330596
613786
609403
430689
449631
944452
682226
684775
6948
530321
589582
755208
791655
244536
689683
222269
103223
380407
597189
40986
858605
985303
357113
976196
878998
404547
818727
287331
282051
602574
624890
344113
168329
174825
153676
921050
518291
499211
402738
407984
421993
309070
583591
818661
875958
642265
742196
948539
793756
35743
313302
417738
503862
158281
124598
26775
951732
541379
574730
403723
356415
801282
304122
939510
214921
316680
529751
869054
408789
320830
501302
552412
287222
203742
483399
87984
567790
106221
594516
414778
249898
587448
938465
303135
963966
202734
441791
663915
579104
115720
114953
718670
360255
564960
718570
743818
429715
157899
444623
302627
308691
38052
50437
522912
724460
531600
243496
844369
322203
294005
510759
793646
209058
262380
185307
469287
516927
495316
143884
151879
748125
904692
65292
498088
883036
631634
687590
963585
633860
697137
399051
223006
81007
605517
692358
36870
48070
485501
681027
260517
612155
741591
651066
983604
52910
110106
571230
279016
34983
801383
529299
737667
910987
202560
365580
134041
264928
704108
733575
128409
563448
574990
499015
414312
65716
989405
399420
44946
679541
188803
504878
687816
502107
560833
471513
527177
304115
995421
217663
330253
208761
363930
57276
78109
878216
135121
409797
124875
301480
555444
666938
999243
771225
530156
277893
653274
394905
116564
548751
425079
237479
949065
462111
619411
581875
473445
212301
613102
481401
281530
80802
571700
913206
821587
3003
31739
244258
44739
695370
466939
818328
336171
631995
467154
190323
865158
486468
38298
673260
933406
212591
734558
761915
326574
42154
650503
766941
232752
167480
662334
753417
871544
732903
358358
758790
668221
726361
572208
755625
910554
914427
989364
849039
461673
522592
198109
66780
415341
434808
318780
539029
700560
98804
599855
706643
656705
921807
425221
254404
37961
943654
542875
200365
570313
852771
490841
827630
190335
384393
104197
396513
393865
413511
855323
309359
112929
941161
614816
950040
752675
125119
182898
425460
511121
140898
102687
653961
197289
329822
758664
403851
800457
413061
436453
309770
739791
93956
923664
566208
293028
982777
159133
29590
646040
99997
416763
107881
735656
793062
959549
447051
511281
366944
963180
750426
4476
219189
633318
50068
526799
745122
717123
714488
490147
780162
306189
460717
280967
515805
455470
199086
555720
668550
550982
572558
9390
607218
850013
449761
172143
94041
171896
485452
58137
645918
880575
887841
448283
853632
287331
77099
38623
823973
314958
181264
24111
282767
832139
418483
393745
860014
725956
498008
514588
50352
186993
475865
13836
660172
960120
900133
308433
58595
995624
877869
528015
965839
81740
223776
616833
670883
450939
745030
432670
846573
738507
867096
421141
935094
97410
149898
765822
211542
512916
267994
148713
639792
725679
576870
4428
848328
259224
224757
941241
544915
120400
540813
487872
725139
621621
689054
82572
555361
686943
902955
695916
506233
955218
928543
646004
518700
198082
792639
375040
675381
424485
219582
853281
30205
663856
622542
9942
309066
882739
888894
51285
974583
266742
492837
410840
23847
986538
139299
59127
9239
811811
909600
527333
727839
2619
923253
428087
527769
977109
319849
885003
360514
18019
399990
516594
407610
529550
617816
253050
643141
901759
42705
19876
864482
436522
437139
180270
498870
820915
196080
353346
316416
855400
627330
490366
701286
366396
967103
403974
908314
261433
745456
15267
687275
344889
51948
881007
38643
944631
224256
684845
594182
184753
477026
936210
512714
983071
957879
970752
555962
569487
764499
441153
578871
628932
285637
619047
394197
439935
959541
930475
449865
981465
43764
918499
570925
932907
425750
696276
177134
416403
518080
943436
4351
79444
345764
265441
711821
574756
248270
158955
442365
209484
242398
333949
660798
289989
842436
193277
23647
599474
206814
536888
641646
599373
871145
378534
252571
100638
683253
514836
807975
380193
458172
760536
411813
296865
462305
20005
480930
870672
402190
830103
972027
96027
974806
706988
829425
214181
736503
538038
370293
472026
854493
336630
875277
3279
823420
300699
349251
212268
525879
331485
11367
304668
868602
101493
99946
242929
211267
509046
431822
181848
653229
299230
566440
988053
153846
517286
392601
554132
343746
942000
376116
233625
241560
822166
696483
452572
520756
802131
154886
899798
977184
20034
376794
248562
873756
691941
461864
316444
835861
123730
418145
797299
453651
928158
520186
839113
926480
885357
973713
805878
976988
136597
207696
826138
301875
552034
574364
48867
63645
489519
895807
587056
884338
102218
56284
843453
816747
845348
888893
378569
672294
943780
932715
289550
24675
522148
512911
145224
487854
535619
193284
447314
658983
481019
196216
145021
712062
991911
697453
903127
945864
375633
862647
219146
902415
247710
133452
232920
366755
789478
730450
226686
598318
735042
987350
140094
731874
558352
992229
585343
712062
918243
277095
242622
719138
124880
996471
653501
166095
109827
755703
687564
259896
883463
2579
408114
141894
961177
672332
507650
762874
183131
413497
439992
805971
822616
679217
61450
125289
113983
539317
456446
486941
306990
965736
516334
898156
796554
944356
316719
937116
668481
993619
293030
688503
720269
280918
398268
563166
491307
43348
76223
829293
23028
755118
148148
857559
696220
950768
888148
99702
10226
66938
768438
949417
823576
942796
329222
389569
637446
74633
323596
139419
887705
152646
385994
706264
805332
833028
570361
683018
861082
506227
833385
943019
796094
207615
866677
587076
234318
887696
412450
860994
543960
320841
21478
749799
445221
403218
908955
715722
889119
58905
503139
147759
796692
916076
757449
194750
209384
395549
664183
286769
549534
907788
839232
754065
196587
170887
789943
827629
55240
257697
840630
772794
161403
489573
899220
386758
521307
397602
157560
18099
634536
249936
985327
928119
389697
983499
746178
312587
691471
228508
869726
747780
62309
668976
485170
763409
334933
256058
782187
131591
980649
706827
637527
922932
172013
740708
229548
162701
974057
82775
515034
156663
591010
112123
153596
224143
214887
609172
704295
31160
763927
397506
217557
900745
161118
189454
960651
145042
762216
604032
361515
784671
232458
706222
132774
696136
967483
926364
392385
416583
990117
861372
298411
613837
492750
249340
641858
91848
990722
494260
29246
296064
876540
342407
128984
795999
340866
631099
577434
734084
212553
832827
766747
943261
9944
101751
815796
176361
315196
194901
490158
642407
67853
404586
360720
868914
106827
884631
508665
880187
640660
320129
194348
29259
60312
195930
832962
689387
111118
532851
326663
934224
570580
409206
537255
907602
819495
142514
577727
817230
864972
657971
415116
342654
45325
883894
630196
232001
720104
927394
451578
454121
132151
30164
732660
288475
46595
779184
993055
735075
173043
376096
421297
918467
121260
671286
591037
250404
606501
891150
137772
883792
817440
126818
694001
771594
175566
896778
180910
503118
417574
449405
414729
695563
453968
950789
326976
946312
322789
192906
5889
365893
542883
218160
502255
316595
324515
54649
190362
316059
886113
786225
145959
473733
199199
483327
582234
818775
586780
132132
312119
343820
253240
828808
193683
96397
172467
817803
86346
38545
347763
155595
842452
143647
110599
154539
465020
419670
274151
963570
556743
670292
645403
676858
213180
745430
591617
315578
311426
851522
695100
375234
382531
277035
822717
941894
266584
611898
459043
264950
766714
484711
491432
66248
149568
871134
203322
415994
581779
404034
499707
447990
143583
803489
413623
13805
246558
255814
731754
405993
172754
709754
971656
377034
381393
657423
479744
322416
208602
466677
231171
407290
102611
534357
194115
281878
307650
255374
881392
683982
434541
750582
93869
462198
521334
249158
814806
741202
738963
175968
280483
588732
167535
120631
404523
641349
343145
183465
655414
673137
205566
843126
978462
936635
817794
287820
549203
710775
950455
216115
312906
669900
327624
838061
388443
368151
328722
884721
426951
64020
255672
783387
334773
992178
755700
195528
201714
633971
735749
515132
107294
979185
3012
649809
927080
907709
593241
362610
728797
607391
367576
827445
186265
135392
908656
916452
701265
889844
80001
849040
882219
130218
795338
975573
210782
651006
103725
934742
270803
846098
959576
243418
286552
294772
874555
350298
363653
147555
933811
944123
138191
393195
968136
147775
921266
323442
759150
903906
112041
105246
85801
441340
574280
537186
749749
633639
575661
149578
50841
466074
359975
455637
586960
882828
486948
433149
628586
456923
500700
379841
965556
859437
361088
596809
46993
520930
474078
657636
228724
548910
499641
519988
755559
183225
958653
348
944727
168467
730037
48009
554866
172491
616235
914115
674259
388374
599358
225697
438687
912978
895731
852572
56274
517129
467694
117572
893004
671076
177100
748485
434989
624726
363229
561723
843219
928994
405009
151083
794920
453447
559386
572390
467046
42021
704898
947562
804762
401516
224625
631798
128670
135703
61751
943935
512655
223662
870870
986523
743288
136892
891170
334071
714054
688160
492624
911251
541233
359646
411579
993746
573628
744396
188241
681618
139634
907272
117169
182589
90538
454473
226299
53095
135856
770553
675585
555416
471348
899388
74870
754578
771353
687036
661581
862739
1221
751412
470742
295295
202052
467023
622038
41539
510858
358005
584863
398878
40571
449076
754875
392475
142362
422835
511810
757861
459632
605841
344157
652995
540916
776490
781093
61744
37020
668107
666207
354879
746187
999234
986153
819436
249342
475788
146356
110862
544971
601963
24768
607101
488277
737436
512903
45522
653562
613809
613769
443039
19596
874545
867511
336327
324817
930825
918879
997409
69185
731038
574353
665649
179972
971369
471801
167859
946143
714615
717804
335738
416811
420708
622953
117051
861850
842114
640311
489049
283122
582954
99996
721196
859131
115266
731864
971149
906571
101195
601146
195582
927871
678240
79898
529677
864381
302850
169563
995638
725604
339427
239267
138693
978345
663382
512882
959400
489572
210231
614159
931875
458469
178256
447590
870355
943045
423000
793311
876094
249003
807037
435317
653895
967859
519762
881315
122184
68250
850852
521948
333893
857726
912645
595827
114477
12516
989118
114992
851620
23981
237675
698327
986576
623511
866490
972312
552123
189482
989877
625149
251853
551295
239544
569135
279501
171963
488220
290955
728280
413343
261205
81899
340025
270243
820593
723303
948618
692945
356227
339612
794980
886914
746120
505396
194131
728494
39849
48447
320160
616938
364293
258769
284289
739614
314500
887847
221291
239733
973998
364706
402227
769274
487629
736516
845761
173012
142314
212895
449540
418887
831612
336990
353139
54252
654867
590733
883637
705494
47645
332245
308831
159740
346686
550451
189499
382738
710115
132924
182910
44646
495583
464535
85634
838682
461526
555352
24212
548663
161703
38944
331618
333387
123812
74655
676587
500792
566934
235479
27095
190677
112048
110766
380134
515612
402597
687285
284884
59116
593021
511866
795248
124366
350392
166559
72345
806460
62853
159740
336724
438648
876246
853695
228810
430045
14895
672623
624524
211936
263307
817138
359802
518427
415806
868348
819774
66240
233535
88914
141596
90618
850926
409380
7488
795133
335479
101834
639421
423319
9108
667402
238996
293923
641927
141372
761365
271161
36369
218955
672974
81231
707444
691865
876234
493348
133770
604869
218925
16362
785565
933803
182148
202365
256213
563216
367517
725974
210548
568755
694719
56491
202133
995519
875373
257109
40251
890888
422685
530290
598620
254210
296363
462719
742475
679077
223954
239662
620770
5677
305340
889427
128849
435402
515886
923377
116220
162372
579609
771093
808137
409281
697181
71154
546939
336145
305871
155619
904232
653879
106758
746732
398295
848075
918360
39882
926059
159246
885241
62506
815346
327384
587634
469788
487438
228514
598551
519363
851988
159678
848627
735280
47960
373202
497560
235969
650958
857246
7054
71352
888246
688647
828724
832230
726260
307671
341621
596992
933463
475893
993332
879963
412643
893266
677109
871886
205119
121741
856436
424254
855909
754056
288330
942513
747334
639472
137901
465556
668731
570539
452438
368379
580426
808390
310389
921520
91341
581430
365452
295932
587898
19377
441144
769771
174761
595554
312587
674055
677016
605836
632032
783309
979615
556056
928580
366930
310002
896996
701607
106990
116802
853552
326367
797702
808551
562510
599755
918351
951874
723609
427838
779515
259221
712966
500563
27534
694176
308326
126867
697191
871299
5575
610029
884586
965216
77082
86202
872928
861162
811011
169666
47235
442470
553644
895290
503955
46473
676109
629299
918925
361284
833092
510246
958203
124719
518826
107509
289635
357471
334852
950819
652275
290862
129369
530502
368899
472597
122367
781056
77815
788714
136131
63193
248732
897000
723177
669340
545193
64284
946088
580146
936432
464541
904833
563913
74025
95004
695916
529852
488216
59422
171435
382666
4914
513810
329685
95030
225793
284683
429454
300015
437825
715505
784491
780429
200034
833650
636090
669063
233163
910532
265257
802487
230876
414621
40248
194489
660593
714180
956668
170669
964301
349131
279137
287670
980694
392844
933751
366261
684642
648160
315562
302432
605304
86086
282253
110319
76934
959837
663702
555187
589799
810189
284033
772650
909964
29470
867931
287617
145034
513744
951934
260372
363748
134991
126423
902115
263151
965167
706433
715561
152625
695877
31012
924741
235368
401865
908091
607178
248250
618705
290043
239902
609609
803751
617983
246805
725153
657153
783845
404775
98133
900515
932958
105637
289998
48729
311226
279096
719131
837044
243018
372781
23061
260351
298641
644379
699769
342186
78495
448020
634579
195860
165440
112833
391716
123518
640720
896996
526409
61030
375368
970545
577131
607761
950774
854760
822285
826080
190867
994048
284922
418230
178362
894345
11310
303576
545601
527890
207375
774543
615181
601749
282979
763155
594594
590733
7452
809406
889889
501972
259938
179010
67792
850881
828825
218919
855910
333615
539215
451220
99508
513653
604791
883995
191202
849316
960102
664447
63468
921264
884281
492399
341706
384993
422838
662159
226144
942439
564519
130056
420408
250110
906080
618998
451881
805628
428229
836142
945063
812691
196344
202531
850662
986759
189820
949892
978879
466653
907154
38738
681590
671187
717031
985842
608800
654318
989772
54686
187867
153805
722319
151939
77645
735897
798234
292072
998382
698324
926340
16731
678834
578627
747990
441045
877584
525735
3887
419276
329748
93600
705742
723030
109291
95121
179256
693609
304213
840213
809196
946323
15353
632745
146612
236652
183183
774510
903210
167206
132825
701002
174122
570804
567775
180585
352352
233388
443401
538395
333021
579108
648281
608151
675028
518587
703858
65364
901278
757152
74580
302883
988506
172173
801603
710503
428967
909321
308733
476479
765405
328957
856969
53895
76329
306306
889812
633023
169694
861542
394769
85386
671041
663878
65700
465318
836955
74841
590927
454461
575952
886299
569139
938800
478280
432360
699958
568017
531468
152298
328937
583108
502872
60060
488169
823306
37831
674265
281447
289085
356536
948335
220198
290048
550801
746890
953667
976430
547862
944019
313497
164241
658225
940632
644406
593397
536547
80283
479882
682370
933688
715442
70017
568776
474021
246754
366430
870306
825765
120005
103246
116244
26182
976284
884086
474783
191058
491822
702600
493953
770451
911245
219692
32110
718553
783618
188464
73892
75471
362658
902649
999270
307055
955937
423225
588367
173124
945217
458190
256531
380267
618916
532940
234507
223374
188253
629739
836297
115287
435468
220668
561063
552039
196350
909742
330368
937398
99366
676632
100233
354123
600957
689213
349734
827211
710416
649975
714645
33159
322311
556257
697518
219737
674435
6384
402317
982311
33975
316950
621081
708365
335469
991743
540600
668096
207655
364907
837999
735020
870133
366436
394140
731588
993384
310536
572376
946606
907332
350682
179949
213827
680552
436029
277962
67068
250641
40050
718204
952392
47968
219240
30243
930303
777997
232665
368137
726396
793687
406791
650997
633213
979134
47619
774561
204373
718970
25778
144789
635287
960759
679521
765135
169979
305694
832022
30948
818986
496738
75019
438225
403221
245378
13104
120835
267940
429913
186551
25569
50484
50632
282610
953841
81541
679002
391225
348264
331247
198229
116235
787323
199626
636320
894855
841764
786218
378216
712179
259833
6406
437529
51911
186282
345951
259875
994530
917496
601875
752487
339444
972972
192583
670194
754148
559429
578994
940974
2100
172096
846692
24544
180131
308474
813747
198279
170258
459666
481293
17406
605549
673218
119154
417105
407284
495439
574920
494562
228228
638694
477630
981681
821550
6696
429318
556567
307510
449208
367802
10878
671737
303529
189046
173887
767979
548313
258514
548542
29799
818749
284991
564435
693942
778107
378126
909760
130104
48099
945153
781464
439173
781492
249750
709947
381718
150808
683001
626602
215498
98934
182685
478643
841573
24911
82821
896271
917679
837235
523923
69174
895225
351471
886164
40254
104373
33509
341103
598877
953737
2204
736098
93720
841563
236313
64467
458664
221886
369469
780741
381540
47082
277713
785169
682444
830641
747208
564867
401710
151083
560385
123111
215547
213611
463699
311559
31076
863856
622322
860724
356406
81692
469062
365472
268391
242697
640764
483204
800765
536071
978116
33100
115050
314286
213666
986121
408824
322832
191043
618529
269776
465128
173734
339574
67793
256347
415380
743688
448435
989865
89412
707311
193245
444444
423169
995656
878598
764628
336267
34740
628199
911664
79295
67900
305898
8523
9024
105469
71235
784290
846447
379111
632545
127358
883704
505790
655885
326383
700596
612252
710385
614009
17215
777163
453866
406583
234899
681076
383286
88500
271423
754221
958971
865053
945945
205370
665258
168817
445427
852217
788028
406231
350672
898968
500238
870048
136773
756411
227103
170646
339168
976172
67214
994513
365029
560805
288701
865657
420051
958466
793280
799773
675953
966911
327117
111287
620668
105875
409131
654591
369225
316201
88364
972862
965646
200850
624594
430350
68472
920916
405531
61013
888882
443443
121641
77743
65054
506659
1358
765943
137235
181860
692435
15248
394746
253344
134713
103491
602712
808530
62094
450714
652179
648522
461937
876848
438669
196898
855063
878983
657234
546892
676574
573034
298034
843591
711332
710802
111078
975420
809560
51073
382881
186172
558045
708961
103270
784056
788249
70040
680778
913401
630586
932092
63828
126495
619773
282536
68891
833625
124135
810842
579984
278223
427504
444213
33132
189135
973049
466014
456969
884351
303491
162071
194535
148903
842382
391005
431664
491763
130284
44630
248728
550347
380536
888287
407168
50911
709215
941476
107157
794937
154862
667072
62678
669531
101340
406392
185502
426087
963218
30061
540111
617677
492057
112949
568796
766571
661499
24381
509432
964474
703211
192282
10080
728266
87688
114110
141252
14343
799575
704379
758088
376654
512694
416767
420459
109263
922369
967317
508634
381150
954882
892360
112301
302409
747136
182255
368841
840918
190274
219592
798435
458874
218682
618213
220544
823986
919710
748714
619983
639550
173038
860209
910899
794598
942669
180642
185605
136020
983612
43872
614366
177723
883341
459023
699360
457539
109430
712530
782294
197902
278376
879552
879570
826294
639841
766719
66814
943167
703401
826035
797445
37394
681186
736644
433395
545418
658206
90907
641802
58482
169230
693602
165063
473445
2955
638200
156030
897546
504543
563514
335258
239521
425931
351893
577962
58583
673226
314559
963652
37975
518792
369255
939323
62415
930930
12474
801603
69949
511381
621189
562625
675857
191865
495615
902856
929089
434938
186320
223705
412231
932138
223992
180537
608421
360766
753649
567145
368109
260631
509544
760086
227988
841612
245604
724657
649495
530660
190388
291075
801493
131872
826451
981724
719685
249837
234297
216427
463806
301497
911088
158356
500135
941094
112983
871748
700749
186116
555834
99792
348237
348475
361024
32722
819896
630741
23926
365066
51447
889914
904428
630504
217933
207300
235249
852408
811382
971352
33624
239918
211698
417786
184311
547080
941349
798260
500093
911027
20805
545835
4396
553503
437661
549333
703352
91570
220480
713174
558597
495817
653654
800590
278481
424908
842022
159484
192134
288036
101127
120151
899769
915112
243612
51061
906801
438333
38917
225711
998675
511007
365964
836316
26031
707526
829153
739593
378031
660688
904095
211021
778883
262119
96210
437183
858538
799977
948542
969176
366908
699138
890872
302265
217842
375636
536210
384053
298650
195612
505706
11797
588731
212764
780837
963094
784102
737142
845208
336882
275531
220224
188539
503559
136990
584661
618085
568470
292292
499059
310986
981981
88596
321381
438844
601145
901631
545439
885475
417015
388084
425733
586386
280209
919519
951069
221347
745989
456789
321943
53488
635049
903848
961701
481104
939042
855099
120907
242011
131549
994408
701442
166923
387471
20230
66502
623082
311844
732095
268153
609973
632263
61351
77690
156707
207339
93267
142985
387072
449475
815903
208760
907021
116169
759844
413894
210006
866208
193820
219888
781795
255320
264742
561600
894782
828835
395967
15100
324222
484263
701264
69586
440160
621789
849402
681054
411516
587383
94731
496494
626743
235994
594699
627616
198720
560528
84525
705600
349785
739536
539260
289597
431739
321556
10764
324819
828444
821340
849891
416047
196119
746305
950609
429692
360993
854425
505600
246740
443907
964649
52992
570598
492667
694012
551813
899463
619631
63518
399756
603273
448068
590307
819674
142253
816701
879957
356963
524306
804488
558879
616425
570218
885975
343893
141154
28240
132418
703987
101535
541335
514503
494136
103917
939582
35828
412799
66745
355326
663101
96963
450365
374855
678553
335664
630165
332145
241418
170280
813912
413463
281277
551181
396370
586205
59653
95016
361543
739557
407086
682185
211388
43281
971828
405831
339513
811510
902524
595569
618654
0
