726060
63701
803390
517929
147441
384580
802392
496505
821877
873769
431424
759908
420150
688023
485265
715576
824475
817050
840861
729157
901316
743975
990553
614867
750657
971796
519078
39994
707231
745796
174539
383669
994578
976038
684249
659802
724252
632335
938728
420987
430441
523096
43877
316650
56813
583326
640665
160596
776412
959742
652500
901418
18837
100485
410575
87578
215208
609345
785933
381566
374539
786699
843066
294152
348159
804551
709434
720467
417671
113547
922202
173030
324115
4356
262977
242091
898409
269185
41549
187542
330256
49636
970074
674708
403315
515111
695562
820113
249891
472269
621313
380772
833295
136587
676473
489762
64530
513227
181413
407463
943239
344555
919890
960944
501904
850536
867471
595251
125622
146079
630201
451893
214718
842683
189696
862490
430881
203181
817563
269874
938924
326916
832722
670617
465408
671419
241218
786661
501651
77529
945711
249681
787500
789859
129249
238182
960937
287911
806987
650253
156560
105167
711506
484035
842875
443100
804570
871633
377325
668236
941787
877305
224924
918621
527748
667975
113078
780440
727830
840705
987288
312294
283122
826929
962392
658538
283023
145964
453102
37316
774377
880293
390878
47808
160017
801885
626496
630182
804588
563101
643511
929261
765468
776085
654626
593671
745358
761985
781554
128766
832053
147
119103
881779
80613
431158
81060
444840
591808
311269
457002
730370
262458
158463
633927
987254
250622
320166
605233
93972
374674
862641
6405
84085
736904
710226
475494
491634
926653
449578
673221
732160
498999
584961
573528
160365
325810
545958
321543
726297
153632
834683
816846
925573
171690
529663
677047
656081
23365
377615
934770
359064
947968
268193
716562
566826
84560
629402
144693
61350
779484
325325
414261
136682
569965
832452
16347
994997
587955
669573
972210
342991
882801
666792
631038
419501
634203
98490
77337
717052
417989
872085
732554
189381
276471
595335
187140
624987
902889
722862
135079
235714
989092
254845
257985
155874
131895
316476
432693
455622
88341
133455
366105
99393
912780
247802
689370
857772
760518
975065
606328
893981
266973
490692
804591
564809
836469
365421
141475
328083
10923
919541
510309
313285
430650
386037
783799
963648
141603
98343
611156
7282
583807
741253
767814
870252
135348
951808
370650
450541
880462
662841
632562
924042
688679
843228
465822
904025
567980
862596
30786
992340
206502
158403
970394
237930
638868
453243
13083
794994
137352
22253
897690
42939
250800
283710
641472
198104
632189
427141
439135
108573
834076
1904
502047
838539
680284
751977
691581
853965
367191
767912
639021
121445
232067
326784
69597
476901
690490
887021
381684
496499
389016
546715
678159
91245
425253
936579
162390
271557
696461
366372
259713
922488
259733
989010
470916
389250
605928
795923
114345
795249
951384
287205
633234
346467
937978
773132
256773
122499
34969
51657
606970
185520
359655
822026
331923
211703
839475
867309
679028
68142
666886
832075
930663
505236
872223
490448
314148
703852
963333
608316
829305
51054
403938
418635
339823
645810
357398
753856
962951
858233
307698
932526
962663
449925
386900
245680
526344
613626
347475
499741
957201
653666
894114
684796
755133
956670
98115
677367
744231
670389
516996
591447
264099
84267
224280
474006
120648
543909
965955
46811
664124
441296
476595
672922
504186
820989
362880
881529
675891
466518
7324
764610
499554
786772
433265
195093
323044
634053
613485
334035
148953
797303
439209
109473
608238
287852
42957
591763
472949
16023
995813
857603
302007
351961
591385
922558
242055
638643
935766
983565
259557
960957
830979
365532
948129
890262
903177
229932
661668
123760
881702
504003
772379
469926
221429
112789
932205
436509
58551
130438
962839
547482
553995
224820
378198
17805
746737
381507
379773
805706
790805
322421
853386
135080
916124
400088
21164
11565
816878
732750
973728
587790
850290
430977
940626
409439
235508
468886
336852
82764
891171
109172
554756
604516
26334
81186
365783
220165
249186
724885
430839
866340
279694
23508
601816
510846
762641
499694
762637
920310
356519
218036
225372
140516
773516
959018
410369
940765
667856
575484
513324
235655
632304
340876
330503
811980
973286
180063
906752
506324
136032
486136
656361
795058
559757
953947
154140
61291
593075
2370
176176
434719
900977
869456
85656
611882
177788
423235
958056
548673
102396
130136
185757
739089
118940
829199
131328
585738
545580
772324
177822
532524
60214
558498
619672
123158
243162
780445
902788
30355
801663
855357
43104
646659
536929
154896
705900
605858
414529
779475
340083
972140
383028
874909
552036
97893
218871
424884
722481
446299
329367
626307
39872
380754
919438
8687
872823
268026
50287
910299
386046
616012
886716
974002
216591
705726
316107
905723
78403
971806
767543
337878
469729
384087
253831
992511
675047
879156
234696
754785
29463
58816
874930
24777
60421
524063
98009
116946
25394
580899
888937
244157
955836
354269
656397
242545
829731
970926
520047
240898
404641
848232
622107
688819
750944
828014
672627
351654
36136
102210
928175
640913
610800
227160
81594
895214
254133
466389
919681
478842
894993
662082
200608
950565
552518
465790
617499
292045
146160
853416
839202
801811
894762
710014
622475
530913
587229
682950
362628
466803
835095
67368
705414
31352
439700
720018
230087
891432
819352
548319
190083
251836
479560
268905
845999
881452
176715
356965
274029
884195
666021
185033
866540
115101
217958
976053
338740
870381
888729
768117
419673
236952
9988
478870
517440
421351
174987
220374
922754
188188
849905
237302
421259
845383
559845
948879
394869
33588
408393
341592
280350
90855
567225
623070
229020
378887
357837
149877
563803
843608
97430
577304
320319
683452
889047
147402
559429
178846
662541
158836
117468
315024
249264
763767
846789
57942
316239
294252
16497
489545
118371
227763
734166
711648
289496
761682
218678
148611
334980
172361
861509
772233
604233
297833
960486
588428
126192
202658
902614
501619
835515
652388
825291
261821
513942
194296
4707
976638
585942
575190
632159
955170
200551
904442
88621
671095
487438
402480
649977
629433
526668
934606
568620
958672
784918
142277
999549
42706
210769
18536
740487
237070
971386
596096
37629
338484
92555
203431
656901
685492
583000
597450
33775
105506
990127
167342
341688
420024
361212
699176
422870
714900
391593
608436
210871
835960
174650
329293
1256
577863
593243
311932
868793
981708
293229
607971
316239
12046
688751
829164
531579
826793
754107
860472
495334
403840
613613
195132
870753
56886
611226
2092
931011
0
