261870
837176
165076
974105
511770
159138
971625
316192
214935
656405
253971
707749
510272
501997
178353
183141
998384
814429
844224
520676
835056
479919
432347
987129
55107
826605
69537
643440
108060
976465
800487
541732
801507
84588
49163
469690
435006
94293
858697
798280
424710
241126
663831
331053
558628
417417
743679
767959
64251
967299
905487
327190
4039
447896
820694
634094
944206
772368
313665
912982
282925
611820
757059
570087
686413
212325
891473
530250
861627
731958
893230
523380
410246
446704
707913
242037
157969
831761
447748
442449
263781
877056
50039
696108
792659
262738
659241
17712
258785
563080
941946
213319
70104
565004
494214
975017
883714
630214
348921
611107
195033
578326
306684
502720
857451
522229
681879
92133
809161
498342
269951
973707
568347
579678
35977
990387
67192
436002
368106
152709
671275
459627
399025
447426
302765
166142
596025
505539
607827
835534
233129
821345
858881
318307
681930
996786
108072
3503
804189
45717
855691
665379
877638
271799
519837
478883
319509
654829
509768
114114
630639
546135
254795
488633
735394
611068
734816
417686
687840
875778
458076
183601
773933
811489
766440
966168
893880
1716
111353
925592
731541
922179
704036
183838
580137
835096
896328
755168
542159
604267
912936
320661
952182
205252
939114
52743
472934
719667
348531
934793
164057
15286
745397
567341
207528
447816
36207
994525
459217
768222
818465
386253
314916
251900
503888
456726
146729
382833
499428
342246
129189
983996
73737
707620
259878
121198
658634
983862
433752
32523
923454
697347
882222
233937
236565
644589
448035
106435
463563
800043
355866
10795
614504
919236
660387
738446
898846
66075
766732
526183
457060
398065
368971
719820
435149
756921
737316
468699
37294
168756
21717
318541
227994
222590
579543
75388
604923
840469
893264
611550
474855
755676
745886
199332
398855
884856
226566
122208
794261
329367
979560
808500
712285
169154
872757
829699
946454
967606
263172
866445
171531
975716
261677
872144
14905
93406
87630
935271
490620
589108
744608
953694
334510
259952
170442
463455
853867
675012
827931
820414
711877
995969
816651
839476
880281
680060
130977
282891
926843
622050
847830
781077
564140
601887
965223
897270
116225
503874
377997
349212
476889
716452
566592
599159
20265
759452
863217
460699
814247
717879
931476
445469
570248
739319
625820
531801
81731
364431
591372
994367
758541
114573
362385
192816
919392
187922
685279
992506
212834
177555
700596
903810
428533
415239
600912
302463
197736
152691
776370
779508
216745
10192
938259
4809
358331
837815
935344
575277
999816
865191
485773
565244
374448
222678
125796
66921
9201
200273
215894
133989
335062
116351
537147
902156
590388
562898
785093
660510
27501
51396
368361
551738
882312
878824
849954
407925
510111
844497
637082
876799
423687
180817
685351
27815
362061
628320
144707
809946
993318
972972
137823
709163
194208
931566
908787
495686
87339
593586
866700
448505
775279
122483
955074
712303
619083
835328
251019
564324
404003
304941
453264
240086
921895
923373
853816
795534
84024
499576
861442
848537
248912
566328
342933
495792
386974
227260
243763
850031
349741
407535
166059
440531
594321
596891
34660
890167
202147
756637
386325
912610
618518
782587
348543
314341
191243
106623
431127
292233
201287
439722
423359
646346
626391
55073
93057
480041
192447
142639
376974
647487
353028
553374
736947
592740
305175
103959
904230
746372
494969
688338
807961
881892
711702
563523
834889
466263
772169
793044
201537
434758
526092
267708
979857
793385
269052
772201
567280
529425
904425
542795
440104
821598
276892
688695
791802
650153
539484
902418
782661
358969
932980
650019
546768
107027
50299
890219
895344
242352
493610
293885
830271
564065
23335
911088
754092
427407
159875
897696
447344
759725
287835
323900
994653
269358
464470
329506
319368
29844
160914
178854
521748
608319
671107
774339
911757
667563
416592
501113
67743
326469
937147
601833
698414
28614
375855
248769
376970
736896
939828
84414
49641
309936
887702
41577
661608
666840
555657
501612
506792
704484
517229
240163
960869
967366
270621
895345
785247
259527
242370
383325
997788
14593
557702
218610
346181
881388
61621
417040
45126
943167
330814
447440
670285
747780
501499
27353
477736
304986
736527
166509
300040
901902
907062
950481
690222
829528
210929
651606
353121
364331
229861
261351
135740
421221
54519
271552
569292
618813
311920
259882
97983
589318
132352
700644
781154
76837
14379
466025
558041
527355
498575
111188
942825
51362
519015
608462
291187
686791
124368
300480
33744
10439
86236
690844
455840
445770
251020
897351
847224
868272
127600
455250
579124
527355
310014
910305
907270
707652
249480
38591
713233
576846
689325
778284
112541
263860
845823
681142
532299
493766
373989
787230
678003
98073
238500
655913
697468
999544
687561
420074
558138
624829
756320
982917
899524
998028
940577
188885
875085
541009
654966
697851
949851
336714
884741
203007
690841
490476
532302
604856
440264
112483
688289
13650
784652
50186
473340
877725
381948
55917
511915
682540
252396
190971
907192
120924
82401
412230
153213
726747
295812
434483
217379
147186
72681
414743
348894
466908
949428
501942
690414
342696
49434
832765
960330
163691
949559
790062
364311
298728
441153
908357
617463
543327
799254
68280
892112
735324
529272
803491
93184
442277
597002
297063
173409
154652
590966
69576
127461
857010
289710
867340
269140
967722
224013
423588
593042
388664
106069
632121
767517
514290
807750
825873
212491
36001
300366
280448
13640
143117
567344
958520
982470
632008
881975
292528
637764
466209
186594
748938
194922
755820
749484
725021
818558
737454
825600
888991
555906
498823
776424
585097
508066
806694
584320
248026
222880
257865
626230
788158
748030
700488
655424
403031
767394
969913
255677
272883
859347
39633
296332
157962
605956
433422
645414
95333
51891
518483
886864
285654
914615
978651
277695
883479
272034
145396
91278
823912
455137
323417
624395
443355
231489
990219
698094
49608
139402
358316
849344
901082
99315
61971
172291
220517
344433
943242
196147
30063
177611
424214
88269
584782
235875
408735
777469
934056
506945
309702
274431
740235
309487
522369
568008
954453
281700
758359
158113
764478
326241
895860
228643
658945
484110
352035
451043
796455
76428
55184
166005
527058
663294
867699
823179
676036
119521
374055
646016
463428
190701
822510
728006
551736
76170
45843
59391
216090
97359
974753
127017
372379
862059
984984
165186
961029
190967
972123
359547
372864
777462
829386
195515
223932
792831
556284
941583
978495
452738
954000
668815
567357
861890
649766
679053
56943
75021
854238
171804
324142
650684
967168
836745
993447
277732
715968
691842
505440
295323
724747
907541
912574
142584
442483
807508
573480
684975
258859
157916
638235
27720
662487
265526
18765
275676
795291
574827
508662
815624
26411
364859
128610
711244
623931
937417
125109
75210
915466
668973
993879
874540
714230
240788
754218
800016
579933
22750
702501
12999
720885
528843
552080
505199
164857
781935
162960
306411
21315
215904
573789
326478
185777
598789
360969
384447
80080
536779
826254
367731
959629
790686
76545
265749
351260
207226
981750
70686
355697
398251
645870
643507
215582
376691
619335
854172
679093
508715
16334
344169
943176
160713
377683
107277
147017
331659
892901
165308
419544
786471
785451
881001
604935
998925
409684
94473
616113
785295
922865
568788
303057
748946
569046
831691
31031
626580
268002
539498
186480
677391
769575
901644
180708
917371
927648
810941
140448
561748
590457
424872
705197
177146
352490
933615
792463
241040
797991
221406
826596
511726
615184
239685
76622
289407
662634
8259
377728
157017
911088
684816
812235
455830
380469
36096
421526
248705
818013
204214
40021
507028
761201
89347
443214
578397
722706
562581
237616
509337
607598
951129
939313
77431
719625
231311
974757
873077
4106
60021
490266
196658
310293
657345
40719
151861
107667
661661
947212
893751
82533
397449
900603
849277
85267
440863
743946
223776
289344
292557
770938
963131
5739
313692
627388
53511
652176
823196
487885
852649
16141
79163
347377
55428
957723
26511
650465
694755
540435
379388
598890
670446
716616
553434
512067
225774
518738
536508
319356
811676
830445
405969
128961
644715
83442
530203
203049
18681
471648
953472
186372
837424
796491
344050
745198
246591
34887
506582
1452
71083
930512
706774
318681
356253
974609
936110
779913
363175
710407
932712
834249
308190
272109
868086
457234
647090
736953
181252
420299
167283
814333
658987
467353
578565
688750
387948
502332
76897
935112
304848
775412
404267
83135
95505
503542
317043
68600
864939
666067
564
707238
688390
672195
545643
547276
26048
574467
88341
555485
762918
242517
39580
238680
703051
882189
235558
904616
679298
433321
638833
723525
480274
143874
340468
744359
876084
768186
860199
230176
186956
195395
89577
682493
561438
789133
847661
900024
966390
940576
104689
590067
327463
61632
496848
234143
84994
829162
443751
118085
60207
175188
414379
344331
827488
493295
782264
37825
126658
536221
51894
345358
307212
995031
553929
961257
588057
454836
155880
346207
576966
411525
393019
131423
265147
904839
479311
368907
926949
164073
584892
644618
404475
579537
374733
721744
911701
90528
548396
477620
965773
429094
22973
599772
100452
604395
138159
690503
433994
316659
537218
693489
867707
157357
988075
330058
800847
471507
790338
191781
842562
334173
863214
126182
190443
78955
700583
858504
570072
352535
503833
305481
499833
240943
854337
433611
766306
462156
23001
801269
250208
516724
413730
758940
66930
305385
201168
174863
62403
651870
173943
185906
899997
350996
763245
464202
38043
283927
662085
980196
310383
1848
385269
794808
856260
198906
542822
38311
660933
793408
116415
13917
907004
632439
115097
129269
435394
827098
88868
784208
471498
887347
268003
149550
60049
14408
781001
848835
83343
830417
934407
315755
769848
78618
196911
66654
691150
658144
308192
50253
439303
213560
777256
614237
660541
21402
268125
488097
814503
435088
771108
52535
756164
498402
38688
123213
951660
527947
643005
186009
518088
36450
910663
720907
807345
77478
776592
74925
837399
378807
387863
768221
168800
20449
111019
678404
755055
27389
801060
62224
957595
914848
51779
281164
113526
783431
845553
416884
104456
484824
966883
166313
89929
417186
347849
127812
936220
533652
9027
382737
747696
594133
111618
563103
699645
345096
176589
522807
206320
512211
227593
620067
721771
662390
260091
361106
132606
159394
91958
997399
252846
126862
503209
651464
87588
72019
34479
473304
281627
936946
556620
329720
998634
999613
846811
494122
749255
8630
879014
745812
102168
720692
508215
372822
876411
396435
876014
462537
149052
507572
719103
723051
362255
150541
992657
188811
924055
377073
503295
973432
432954
837970
720296
974897
837117
737690
545310
144729
469098
473873
176184
467075
67986
415042
558929
566024
715130
607612
328849
392029
24013
497298
140704
901599
923545
555755
63294
491290
33993
877902
7937
797678
891703
427478
860938
516705
991892
388574
132378
292392
589734
216015
512286
769784
855477
741390
244699
675636
702567
602382
829008
724788
622356
633033
742079
878313
274827
695074
728695
465912
101631
299163
181480
685242
603727
892671
985392
224550
687522
808737
409929
494557
553119
542656
780147
943904
596081
485472
696654
256283
750036
184438
576191
133521
813009
315208
649495
884538
142810
287240
184158
346224
407624
318864
549969
716388
509439
901173
232536
925848
845557
140267
167319
79710
418138
606759
933195
513957
205108
266740
642619
406465
748026
525423
111222
95702
784850
782703
606525
738990
584584
985647
220825
955286
787590
19810
944279
626613
126396
968022
389880
744648
140576
882117
810313
106312
364719
138712
419432
726771
689112
277343
809559
169673
745359
942183
165239
492656
484989
924766
823361
307578
940833
206041
813670
0