50 100
6321 301 4161 6652 7859 6985 1401 7362 3384 6008 8193 7007 839 2806 8338 9604 2752 7718 7466 3655 8286 4366 5584 3513 1506 53 4066 4809 8782 3329 5297 4551 2991 4250 4336 3611 8064 8227 4201 7735 4906 650 1841 4794 7808 2397 7629 7191 26 2079
3 19
19 30
13 46
39 40
28 46
16 41
21 35
36 42
45 45
39 43
18 43
33 43
20 37
49 49
3 48
14 21
44 48
18 30
45 49
17 27
5 46
20 31
39 45
41 42
46 49
39 39
34 48
1 30
11 45
41 48
13 34
45 48
27 34
2 42
17 22
16 25
31 49
42 46
40 40
23 44
3 22
12 39
19 23
26 45
35 37
36 37
46 49
20 35
20 29
33 49
6 38
11 26
39 39
10 37
45 49
1 47
26 33
22 34
1 4
33 35
23 35
20 38
13 37
1 2
5 7
41 43
6 44
40 46
45 49
7 25
48 48
8 10
1 44
17 47
11 18
22 38
38 44
48 48
31 42
15 25
7 18
15 18
27 45
40 46
47 47
46 47
37 42
25 45
34 37
22 25
37 39
29 31
40 42
34 38
7 9
11 20
27 39
31 35
44 44
34 34

