493
17 22
6 13
31 47
2 41
5 39
39 46
16 46
14 39
35 48
15 39
1 42
3 40
30 40
1 9
8 47
17 40
41 42
16 27
12 22
10 17
8 10
17 41
4 10
22 32
26 38
9 34
6 29
6 23
20 40
2 35
9 18
26 28
5 25
9 23
28 39
4 47
12 32
32 35
33 39
23 38
22 39
1 36
31 47
43 46
18 20
1 16
8 33
1 28
29 39
18 39
22 33
29 44
17 29
14 16
4 30
1 8
10 21
8 44
43 45
20 49
25 49
9 11
15 33
7 33
5 9
8 37
2 43
10 22
32 34
36 37
1 4
35 38
4 36
1 48
1 37
13 35
10 46
18 30
11 27
21 39
2 7
3 6
22 29
1 20
7 42
36 42
45 47
35 42
3 33
22 42
1 12
20 42
6 40
16 36
12 41
1 40
7 18
12 49
3 15
5 34
10 20
24 32
37 38
21 49
38 43
6 35
3 22
1 33
34 49
22 39
4 29
4 9
11 16
22 41
1 41
6 33
8 24
19 47
24 46
28 31
7 41
8 22
5 24
10 17
9 28
1 40
32 41
5 33
26 38
8 17
20 45
22 24
4 37
31 49
10 15
2 25
15 36
1 45
7 35
30 34
7 17
1 11
31 32
3 16
26 37
8 41
6 45
27 37
17 20
9 21
36 43
7 15
9 27
15 32
43 49
19 49
23 43
6 33
1 16
27 36
12 36
8 22
19 31
35 49
2 23
14 45
6 15
2 23
12 36
40 47
4 10
18 39
37 43
32 37
1 15
22 28
29 43
8 21
15 42
15 42
24 44
8 16
8 17
23 30
1 15
1 8
18 29
31 42
30 33
4 29
18 43
8 30
29 47
13 38
44 46
26 39
14 41
19 45
24 36
5 13
1 22
10 41
1 10
1 37
24 43
43 46
5 15
1 38
15 18
1 4
15 42
16 37
31 41
4 24
1 21
1 2
11 30
26 28
34 41
30 44
11 25
6 18
27 38
2 34
33 43
44 46
6 11
45 49
31 43
1 22
8 24
7 20
19 34
1 6
8 33
1 36
7 10
42 44
5 31
26 43
12 28
9 49
10 24
17 49
22 24
3 10
2 49
22 32
9 41
3 32
34 45
20 33
7 8
7 49
12 34
22 27
6 34
14 31
5 6
4 5
25 30
8 16
34 40
15 31
4 39
26 35
13 24
20 22
11 23
29 39
5 42
36 42
1 22
30 36
13 46
39 48
15 33
1 7
21 39
24 25
9 13
37 46
6 19
29 40
1 29
33 34
1 17
10 26
19 34
27 43
12 49
41 42
41 46
10 43
17 43
20 39
21 36
7 24
5 32
29 32
32 49
30 37
17 22
34 47
9 18
32 43
26 46
16 28
25 36
12 24
6 49
22 38
12 39
4 36
7 44
8 28
1 22
21 25
15 28
2 39
26 45
14 24
13 21
10 42
21 32
18 25
15 30
13 49
2 47
2 39
22 46
6 21
4 15
11 18
3 21
20 31
32 36
13 45
11 17
40 45
1 13
2 13
4 37
6 20
24 29
22 34
11 42
1 26
1 36
4 28
9 36
5 42
8 44
12 17
8 49
13 33
5 22
21 46
16 44
4 36
2 35
7 34
6 48
20 44
15 48
15 28
2 24
16 43
7 25
15 29
39 48
5 23
40 48
20 43
28 47
7 16
4 42
31 49
25 35
6 45
8 20
8 29
35 41
2 49
11 17
29 36
21 47
1 45
15 39
3 16
8 31
15 16
17 28
9 12
14 32
1 9
7 41
19 25
8 20
29 30
22 28
29 37
31 44
21 29
33 47
36 46
3 47
3 44
11 20
20 24
3 48
22 27
3 7
2 48
41 45
16 18
1 15
20 22
19 43
21 43
17 32
1 22
18 29
5 39
16 36
5 12
18 21
17 43
24 41
22 37
1 26
7 39
3 39
12 30
8 13
20 33
24 26
14 46
13 16
15 35
21 35
37 45
2 14
28 32
2 40
19 31
28 42
4 19
16 39
5 8
4 43
18 22
1 22
23 34
6 33
9 11
3 22
4 41
27 32
28 41
4 9
12 37
9 40
4 17
23 35
29 48
13 49
8 24
23 28
25 42
10 34
29 32
21 25
2 26
27 33
1 30
12 14
13 31
9 14
14 47
14 17
39 45
27 28
31 41
1 12
11 35
5 12
37 45
18 27
8 23
8 23
29 38
14 19
