96
12 31
8 21
15 47
1 35
7 38
4 46
15 22
1 41
1 43
19 49
41 45
1 43
3 7
17 18
1 39
8 25
32 47
7 29
40 48
12 39
21 44
19 25
10 12
5 19
10 46
14 17
8 27
44 48
12 24
35 36
8 41
4 17
16 29
7 13
15 23
9 23
10 45
1 25
8 23
1 14
24 44
25 26
41 49
1 20
13 30
12 22
17 27
5 36
1 30
17 35
36 43
30 42
3 15
2 3
2 4
10 41
9 43
1 30
21 32
41 49
15 43
4 22
36 38
24 47
19 22
3 28
20 23
14 45
8 38
6 42
38 41
19 21
21 33
3 37
17 48
10 13
15 47
6 11
12 36
9 37
3 17
6 30
5 25
31 32
14 36
22 28
22 25
33 37
12 22
42 43
34 36
1 16
1 33
29 37
11 22
36 42
