420
31 32
5 36
17 44
22 27
13 44
8 41
29 31
1 47
12 28
36 47
3 23
18 24
19 44
22 49
15 43
6 11
12 28
39 44
29 45
11 37
3 41
21 31
34 35
31 38
14 45
5 43
1 34
11 48
30 42
13 16
24 27
6 12
4 32
36 43
22 26
5 46
22 43
33 48
14 48
5 26
13 30
33 37
39 43
7 15
8 17
31 43
1 47
46 48
5 31
36 46
3 11
40 43
3 11
15 46
1 22
6 29
2 5
12 41
24 49
11 18
27 38
31 33
19 30
2 22
21 22
15 49
21 43
1 4
27 39
1 27
1 12
22 23
19 43
7 25
6 14
9 25
32 35
6 37
7 14
6 49
8 40
2 33
12 39
2 23
13 17
20 36
6 8
11 24
4 22
4 35
29 40
21 28
27 31
12 17
4 24
7 34
29 42
29 30
14 15
5 11
8 12
16 35
5 31
21 31
14 35
34 43
31 36
1 6
6 43
4 44
15 16
1 8
25 38
25 48
23 32
2 10
31 41
6 26
11 43
34 42
5 10
15 22
8 33
8 46
22 32
13 22
25 47
20 49
19 21
7 19
15 25
31 47
23 43
1 33
26 37
6 46
30 45
17 36
26 42
18 20
11 15
35 36
23 36
36 43
15 24
3 47
12 47
8 20
15 22
11 33
27 47
10 21
20 35
20 30
20 39
13 41
27 46
3 8
8 13
1 10
10 34
14 43
11 29
23 27
4 34
37 48
28 46
14 18
6 36
13 24
3 32
1 27
3 40
21 32
1 27
10 28
2 36
34 43
22 45
27 45
32 42
9 46
16 47
9 12
8 47
20 33
15 28
29 33
6 45
23 27
11 43
36 47
36 49
30 39
22 40
8 18
25 34
27 34
40 41
7 30
2 26
9 23
8 32
24 42
14 27
20 22
3 5
17 42
22 30
11 38
1 6
12 26
28 35
14 36
42 43
6 31
5 24
20 22
15 17
1 32
1 27
17 20
1 25
5 18
1 5
1 31
2 41
24 28
27 47
2 49
24 46
30 49
13 22
8 9
10 49
6 36
2 18
36 46
10 36
22 40
6 24
29 36
14 29
29 47
3 38
8 43
15 33
22 23
8 47
2 39
32 47
2 23
14 36
25 28
1 16
5 17
1 15
2 17
29 31
14 46
3 37
1 28
1 43
18 35
16 34
36 41
1 18
4 36
20 27
15 23
15 33
3 19
37 47
31 37
34 41
29 34
32 38
2 27
6 45
25 35
1 43
31 36
4 23
1 22
5 29
26 30
22 43
18 32
11 30
43 48
11 19
33 42
5 31
21 41
4 48
8 40
24 28
12 43
8 19
18 38
25 30
1 43
15 44
24 41
14 23
1 2
34 36
35 36
8 14
42 47
25 45
9 43
14 48
14 29
1 41
46 47
21 46
32 35
10 29
8 15
1 29
29 44
1 8
1 4
1 15
25 45
3 48
13 28
15 28
18 47
4 17
18 28
16 29
21 47
2 38
26 48
30 46
9 31
3 18
1 2
19 34
5 30
14 30
6 47
12 38
14 47
11 15
3 8
22 46
1 16
21 37
7 36
7 21
9 16
2 21
19 35
17 44
8 31
5 23
1 10
36 43
1 29
27 36
32 45
27 43
19 22
8 32
11 20
20 38
11 23
7 15
20 22
20 33
20 32
3 39
13 38
2 21
1 45
14 42
24 31
12 25
13 41
19 25
1 41
1 6
14 38
10 44
16 30
15 25
8 22
5 16
26 34
3 43
40 43
20 28
15 17
14 21
28 35
1 39
1 20
19 43
14 44
22 42
3 34
19 29
2 7
2 15
29 39
20 29
32 39
2 8
8 39
24 38
23 28
8 35
6 28
35 47
6 27
16 33
2 40
