2832
89811737
83534325
76819159
92277361
315418852
19959113
24721576
143784901
279851881
5343396
103604837
30242368
2852620
87212109
255864751
210331157
17540457
162004033
3420784
80704163
354598793
421390079
225406075
17675396
80656961
124128153
132679133
506752475
25289161
19808726
61440451
172892887
55083438
119097202
47466976
4535146
3037910
132088587
85996132
12404761
44503017
22623187
371739043
316068793
152159211
119010367
36194522
330009670
278404001
263618056
52062001
230640647
175450941
175022
52590205
222695177
86537044
59404298
146580547
1547256
80060971
595128
169039525
171950188
224199790
54745611
65302149
73692737
177254296
142068443
132813226
141086356
27280616
270435439
63565483
21161971
31356865
61745061
48276541
46292310
81566141
96824159
121690653
199398988
397435816
262699791
151047685
272312013
414921346
93070295
83490781
163727761
390494318
159835748
229002869
142560855
117714286
133273409
204492421
257730087
120679255
57341938
263162065
362573496
214682821
208962001
49122653
97081562
48988270
40850231
254010901
56246464
70694107
5409454
5900782
201616023
1882156
33653961
199990225
427830361
255867188
181559801
13617681
445338721
55291530
145711229
351497497
55124119
6524711
322453011
369956685
483462026
4022604
84422835
114250013
245872138
222207071
2640305
133276612
70417080
266285254
57615839
178444722
35553376
41026011
204560305
19451827
87970016
314011405
12622177
147038294
109293780
44970433
164296601
22461161
2864393
54583610
201629593
294944959
256582341
77471617
60875023
361863073
177621049
384490613
168629533
147049753
68226911
165415681
149364919
28069376
12340177
19090821
147816961
121474153
84032931
120010378
51274549
201596933
1076410
67805051
10451651
115924361
3656063
17377231
8240717
194092492
62679191
21584362
71512981
279837559
30515875
178491457
3745622
128514289
6822949
205946888
344763219
59246815
79610961
99428806
149787889
282719393
454150850
140851
329138464
64067701
4506341
70985121
61622429
519916171
3461161
63026014
229433861
41941503
214939661
321202255
170670895
82539250
13517729
77408116
229217110
32240841
68331162
49866678
101936071
409063732
42050223
524209
103796208
76055718
353708209
97731956
193955314
299274704
282854846
295864621
63341916
159017226
121039678
162535877
83270059
70891491
186345968
132614993
109362914
4605112
5724303
40991313
6604654
201525409
36599620
24238684
87396866
24181102
145284287
41904881
203545804
269240375
20582271
161254
43881953
172171693
65574105
354124501
47913968
282693698
5061681
99122248
132592416
418315
182004239
89878858
96134151
167053921
61660993
180681271
16401969
89051601
106823363
30498391
244395356
22889494
328381463
178971446
425538287
220395666
84546257
297753765
338527908
82085746
10981639
154759100
84888666
290948529
185632107
252152539
214931929
105725577
13838556
1969309
208860616
7287211
139160858
122336929
51006013
34330475
158867310
22834312
9934844
432355219
219307341
18143929
31991051
291977279
283441924
409539156
31726787
215504818
79257934
236871559
182478092
106565373
84905311
220400900
126879526
115626974
54647851
278539752
157898806
8603199
77819615
4307553
216531001
30869576
424211626
194762368
15901766
88574083
103104109
284487062
32035912
163889098
157624035
15309542
238774199
253885005
104704161
55109434
156496703
230904439
27769813
506666723
30775883
214570771
232774790
260908151
328601026
85456753
344502371
118703999
20312729
200264205
197216475
444536190
115639856
481999
10798719
17741534
33500983
34260595
430374230
337973300
157216423
23087729
76370581
243091975
252075176
183145456
148145540
7971409
294343741
73202950
263190128
91198882
352958815
52516652
71357401
15155770
27569595
289102
221900647
87287941
11221210
132014086
31600554
102230129
26721316
65270719
421678289
303325276
328067979
89608786
130292
9740608
61941692
301246426
373373530
77621738
41572625
52277827
19770076
19492225
378191533
49978311
79997318
108655021
90809545
206363249
33917195
457656049
245139958
134731246
50734453
110060757
89556139
74699641
77007178
23220781
11861208
288135265
246673012
381677278
25840158
132977220
202664521
182582603
159123787
479343590
7074608
157314389
227997793
362655441
179179120
13634281
42479691
26237500
51967579
13362170
37224721
252551961
459762202
43903884
84162751
85912098
88880072
95050062
72630657
17903765
50313561
160170001
105354991
215982604
110249329
250624591
1026988
261825367
134313568
27683533
369372277
11029206
391214159
71048341
4640342
181438193
14924793
347521695
65173560
347251106
38732083
234069006
21567493
41592818
37089732
108397927
13647856
24253069
229253701
111558302
176394439
44339681
76261361
330405251
83828287
145070789
16933823
363745101
295370651
236864678
22361311
19548849
289251483
227422059
4128669
137127199
159821978
125903417
257525619
295608902
153286642
8551989
296853269
80376934
268645735
67353661
1024747
19797184
328812313
227609155
22980913
162768079
300205621
120619672
63324657
426657686
195347553
56633663
128536271
360939588
130960961
811376
82240669
67502393
451114507
52345075
121834792
147820052
246242283
65217140
17485435
157921240
66523982
19246882
116432471
469723471
407433732
321262398
34985331
33892166
184710793
243021563
394526623
164616065
292641441
97474762
136334017
317544001
53581425
114991672
171468947
225547521
105845857
356260330
444783587
42046321
39833977
13843876
91789951
84562705
21815102
298408057
51130423
48689438
36631489
45804001
119472562
405349759
1915886
177740417
128557557
21144464
167075310
83328665
208229737
7140024
211197700
12439956
285662269
3985721
131882312
4605053
940291
128319413
173893556
40009632
178051295
413871641
27498745
99694826
83559076
47529213
123423531
233538306
29475073
107964765
73062053
33782228
72375776
171562909
51442450
223381621
146421919
10592555
170594425
103956626
59517102
81794541
108274693
3299411
146390809
305928701
156924307
53938853
73228374
334979913
129512503
176631566
381954538
89488249
34955617
111149385
117160993
87001951
33999706
3589444
170846821
234252536
4707823
463905855
100835681
25049603
21236397
434017606
110336699
6074080
97313416
50703810
151113267
137653377
279745534
320072816
122967393
120121511
44213611
90310529
36207153
203308204
32067441
38950276
7916129
192264528
12603981
165212429
124836661
88762386
342621236
301933789
57597636
22440793
346394030
196081438
287602943
110675089
52336826
4115950
327612708
86763745
159522903
200788239
139728877
9989437
56697448
44507881
35366241
184474606
94822407
25868457
281144641
38675521
18484484
149628110
8284573
250089191
132141377
465256358
438669091
133058048
458923893
1619296
14405029
235470270
59643986
52186717
31014188
26078689
42045829
109782533
122177567
213987312
19214963
53544985
126026478
102963229
33974473
65332905
39909231
24117944
274511518
195702101
245924355
117187201
383966888
64833921
283730193
77619697
172279706
54184107
16329106
450970213
65779489
231369613
148273921
298034537
82641841
71700062
182035349
108412993
207307183
162826977
224057729
197249377
281672857
40220555
147889801
32758467
204945248
59048263
49207222
21114052
32148133
2801894
4854805
701121
41018063
373905416
337039333
88448933
122116193
22443980
22460
86951899
9071888
127233351
196623262
88434086
111139139
54601621
53494943
32694949
239074417
80367817
260448067
31278322
153395761
56134051
93031324
155249459
97797958
53532406
146530577
125182027
108417516
3618721
28384831
113061313
112898941
10315669
163068721
24423169
72810379
21937027
115665024
50076442
81543853
137727612
224288503
44402871
2162317
185796037
131281992
61131270
20403525
28134867
2617161
59209428
469291924
248931378
12463105
1876901
162890326
146523768
1640395
456066696
108855667
169706090
439878995
201816889
64725949
165531477
7886003
260127814
50650002
183766496
23277957
95047127
11881326
185041861
39842806
266366361
191837359
67888363
11365761
18032785
52794379
10729711
16979311
26050172
293523454
35659653
108300541
63864131
278943751
89956384
482367678
51600566
465412045
147640235
35370694
753193
287168184
22775534
210226501
18130785
60386175
306851021
102267841
19244868
11255602
103645351
405567573
134867308
155928371
115015208
69905597
13361253
19484893
161219790
9979025
32367251
355139452
356446876
61613497
52725297
152717527
404628439
398586691
121493961
3848657
41376679
23572796
326818731
121289445
359241079
160086502
246497803
23138765
222652253
112196776
64946977
223887974
430811401
265758802
457515581
5381546
62379902
333289275
249088771
68457831
273438463
262391188
146095678
86497261
8512877
23284433
10929601
155523435
124021688
38652461
62042061
19541842
146794051
4259721
71939363
138720052
478316815
200559647
170337581
124156162
3147079
25995310
41333773
1339228
38858008
47698500
54712249
148736945
177698464
7469633
42387649
76602478
135241598
252136795
66244389
205806180
323368457
208957321
369955761
342194615
215153933
163855940
137412146
31850108
164924
41311684
31512179
90228007
268196401
187970237
25282593
221632486
477725249
35113403
85991426
41024418
27449556
125407318
426010448
143403023
158611353
96567875
48581379
30374415
1927089
154714890
216903668
118009391
59253646
43380845
102723865
334722369
165537481
3040563
95798971
46771004
3785994
54295178
112153520
14639704
49978921
9276421
2732666
22914723
136053646
188982085
4159735
125585549
89933287
243035639
1497403
341221105
88631562
155570580
70704001
127739313
163290632
33298070
94250047
189157950
292181698
146785457
42239136
94987331
125254673
11819089
197676091
246721553
204789917
3664477
162286177
20226039
86203697
124207210
302197183
177404356
191291651
224879
369239068
280462483
218227234
21396901
30934513
8532936
301530005
67755470
42466375
127290327
10419910
98517148
473691388
11404485
44850850
206125892
39692269
5339981
273047058
36797279
107299557
6232711
287823070
38408805
194247743
51570856
160596664
365801568
156712189
207288875
150490645
332340821
76607915
47447197
17078769
303791051
93330644
159599961
442235557
335005701
62309671
27644017
138293233
8438305
128598726
110116059
13778043
246633295
19865822
193673341
38528298
56933802
34092979
5293393
59540303
490641376
415050773
16390902
70460219
161147536
4239961
95625625
26772481
198027748
65806336
291326941
83099786
90058721
156478278
42232897
19704793
8737749
107381541
376500912
171669333
341977744
38737928
37397142
185694860
452576419
69757513
87350842
118467121
156799756
53823911
78854257
8853475
6503074
286934701
101815939
247009929
135550857
130484894
182022922
108384506
76635857
16456896
189852001
106508620
350705159
152974088
169748965
29731276
103017684
193625377
70556410
102292593
62393509
192026831
152349675
121714373
121589331
13316081
196681941
30042863
77581447
324447321
179410101
13104235
7421065
358297409
188365480
10050175
118485082
185178874
36833681
104242993
35091673
4278197
146867575
264847762
157296811
54521217
297289867
62846684
126490843
62772647
179297353
36624671
11173951
9664084
68529473
111802811
6919749
204633645
291415562
357127628
218515001
278007469
5452994
141828541
63942372
167487893
148941713
51157562
127795558
3129799
160807014
29166391
13539134
225040029
235700851
43071181
27729564
52186769
150446773
15577876
147213267
66031707
15224138
37899192
231163767
92517789
108511485
74170264
63624401
157344569
361623744
15090766
51549178
79665301
213765378
154579411
692962
24831094
39353271
181791921
115641
197872583
505355976
107236163
161851106
42485121
22769013
3765133
187482019
16955367
20284197
29312293
104659939
387487756
272471802
14717935
107201851
68894040
336051
25064079
9323045
110292855
25456897
115903376
300451972
6297586
93199497
70802741
74328526
232969790
93728004
20788783
12081889
189195544
167041471
125513128
154478202
196878081
33788365
18168791
229783232
183489658
264924230
38742588
151274045
408809401
53488338
244871537
21848775
140778913
42008959
141603157
166821213
94100269
108616723
210525026
281011888
481673456
161309836
37205089
36672783
91790801
39933273
63771661
47165686
205027213
5338499
2047150
63776126
41354776
73861801
85323073
88176232
461475637
137749249
215696461
92788165
37300057
273235736
106416766
46576916
147522142
206320601
145726465
19100305
217316578
10377345
233662478
244706729
18260627
24970153
54169116
86759862
247783753
111053667
339704870
24243637
69643167
1244387
93680783
76295294
138868113
401325679
16441015
83049911
253803621
46397416
127451677
68052769
135118716
181455808
346181
4784306
223075964
351546046
121447931
18303425
66453443
67843639
436845300
145623310
22068049
136938916
153513441
287548065
447735505
76702963
120530665
104800933
10399736
251440604
59449131
145006177
132114061
83522891
188095645
428493976
166763122
105277036
263773482
27029448
72883110
110376873
113519033
5279324
2693492
97230108
47174423
52906568
222001874
242717944
72627985
148490167
115867777
83808778
30553516
463849231
188623184
294534091
272595610
366912001
120125440
366443798
179135869
2844905
33990896
141868490
13203686
111687574
228680635
164846974
31471826
199024806
150330649
1169569
4282027
301263423
219980543
35636710
3480470
181264942
27824185
179416336
38195158
12911361
496885888
128267698
438098449
1914256
63704131
6898728
87469117
13115425
244116566
15395608
216093158
64594895
12057064
35906619
282870923
197678032
101241647
149212417
112440101
10189701
365957301
229798651
39386578
346606747
180898850
242211061
58902273
7412499
309639544
299232439
15412976
36070232
302081647
61598739
83045647
74733436
317417052
61679937
161798209
220445213
196057870
59459541
141589150
4346291
297907589
21209916
145764038
193076236
25390751
26275708
217590437
255199870
154323086
37170521
34212668
247173583
466159401
94223362
455799153
159438650
81373888
170725538
260823337
17672598
51974420
94732203
318970
78014487
37533934
361943271
2092061
122793031
139389867
85428831
103560457
106751756
342212101
105622825
37478209
246144073
171761645
1707325
342124381
154512091
136455185
133041776
23485489
27297016
208672988
176882372
46225045
333456361
59246471
192074281
270522316
49519986
67405466
77989825
168790111
426500878
39533057
23188883
165195159
137436157
196374907
107279481
114947533
22660691
21329258
155064214
264496429
106132076
2022899
196160371
22985747
172301295
7104763
19021509
246926516
122804917
3206183
331317293
182175800
4166749
294000427
13846954
59653213
156621846
235461121
1251430
95301363
76781
63120710
422340010
48380446
150106021
223823521
228377089
3654613
5762009
198605017
26490205
46798957
3769741
10853473
207199606
168660467
150398431
45380763
39117593
78941453
14086281
57211288
58047213
78351269
206915320
13560223
107505816
276236666
9573313
308673721
119573153
3378218
43052835
16869277
22658563
51478619
278578238
84892245
112767208
478728888
444648908
38362061
73382006
62047378
209763451
299303933
44480871
3041543
347769453
22958501
197745066
379858032
24025255
11897942
22212793
295020701
200333928
173934443
21002437
305731889
271467943
67459843
3172891
27768001
18428295
33090204
119617290
1885243
313129821
122522398
256395
212244451
228041151
135409138
70219954
11513580
13299497
14457571
5587814
109147156
198631478
121572778
299363933
95797094
362535403
76012288
22910456
275884012
353629651
73608529
130775647
358403905
53770924
45138633
179792196
74434215
209998711
227496925
160629743
42554327
9730823
44476021
183579901
168590402
108506053
96373666
82824106
22476801
203917850
11833009
179086920
71991239
376088961
121279408
54504383
362714039
33023008
37572419
95652481
70520248
345884551
28645696
167305601
260218291
288543263
111855682
30660309
135030242
12769561
35900
135686079
148830625
120036661
473238319
129055861
187334678
358421249
121896265
21187713
30069401
72842678
69784782
20973797
158475439
280871836
206676491
154629531
314763355
4601395
17949608
41211401
117812049
334513522
123448039
191507941
221184161
110212634
120152728
51010065
52746457
10689823
55712384
20092297
209946422
23341420
247622642
113217553
102590622
132527008
105220580
194746669
99108451
124674516
23507146
48569049
284550169
203086231
21995880
157850881
286541047
14058199
69033385
486668
69624041
98820008
52285123
143174987
445635136
146646259
29454904
180208423
30681302
108742294
12620612
135404704
46645197
68591223
316893339
130823035
211058853
114679972
304078789
32594596
172120113
262664125
254693029
100009421
127009985
68986535
52481968
140786989
3202385
24764915
28537408
23820792
18577441
138608328
18957394
77807721
40584160
332783373
48366497
42001665
291063552
146776042
78478096
113073962
109196991
334016604
56606291
452365183
343756064
36327241
405254716
76033921
19477038
194519400
41921001
1140349
251884116
20625983
271072891
156933701
255262741
76469212
49083761
121404353
101992286
220948556
65758995
8522176
101569924
140777904
12637937
993826
313098878
284030384
102521426
75632803
162375383
129022839
19465097
144045987
50332211
23175084
7239884
484608781
73571101
364985455
76331849
6935423
88172375
19192853
23471371
328265598
117303922
223369661
258299434
198935681
127745411
77176925
919895
4610173
23073519
417990773
163233793
260849066
323972942
146460059
130928176
4132261
146159765
61496254
58252177
214393126
151767518
273078567
223745026
402253418
5374908
129158871
61361609
122445051
69286347
106006454
212530235
52596848
25098949
244766369
301284788
210022885
203886817
378086748
91275674
130352213
164831354
111316517
89118134
165683554
22311478
10749299
17888504
7013914
332963
169275047
148790106
1262161
55173297
155492388
229719702
56732103
4114090
277382146
107627154
119833653
13083022
186272462
37057052
235402469
136592843
126215213
25125868
118845428
90917758
302927983
192171564
131490598
43606281
281806497
159907712
39968961
99995757
104775895
45078974
11739421
419227236
110633108
395862534
78600568
95899639
61966225
17256625
382075187
149334947
6855438
335497063
22150661
107981028
206685626
25702426
149862662
209992134
189906437
101702331
215758491
240373057
75481
38691538
117322117
262934504
174617683
182668399
292130027
11237817
202980549
16247870
58960073
98083508
274458663
50838421
269066036
30726693
248054889
249061
104064107
4349371
383171595
10769765
296658199
198074001
320216261
447485039
40306978
73148534
130700353
138596326
306085501
23435240
25760998
148546584
47311758
12689015
13653340
27591701
66645275
132622905
290664991
50944297
18473431
134520814
7228873
37330531
417099018
156484193
83444306
30493031
125320780
309847583
88602938
6324593
118784030
13502717
447888095
260838463
183594343
469714471
405083248
8487421
347468006
70499821
221843922
343294433
208545841
161493185
438742849
71135635
86425769
307924481
311279689
19825291
116817273
214544740
21018173
462876307
20685560
286877461
54733969
14917468
47638127
1859288
22994974
59929342
5945265
92369817
396013808
118942231
2950178
18496884
20055020
174450756
85186316
95406136
79839409
73500150
34907905
203403751
11765605
19010926
4431466
154228649
29152161
238810357
151709677
91396405
60253757
82619791
67469576
147938561
35238502
367584691
258076088
436977
129931700
30522889
124495561
403488906
65217862
1119461
29014444
220448199
65636936
136269343
72522665
347531957
302874511
55332951
162370835
260326221
116151431
161579923
314659036
161435506
11243950
168004636
359960731
411706121
1477149
22038999
428058107
35764821
324507817
123727501
55746929
198312130
322635214
121520598
46674109
60879855
10790929
154744377
157279695
298572550
160675298
216318612
219621554
325997731
51983101
150742774
4543135
87547393
259985626
365603026
11326939
219557001
284815424
448396417
273177271
270229537
87533017
62189761
164384721
83461401
87852556
217363
72409121
463680836
69971994
82981011
206384130
288734058
1694152
136287253
133448569
116246635
21429953
14930678
190142885
160241159
42756104
11651621
56172817
336200387
251419422
94626543
3396236
30216313
23375457
52647463
209627328
23351518
76361245
151332395
19642089
3702426
224886064
754681
188776121
88732045
2355373
56752693
92085863
1164430
400320401
146601729
257404192
28289701
159862435
47917688
302820432
20179607
413229853
277114575
135741124
60258241
5444426
125692183
7954052
22369298
110238541
48657564
55136901
29327846
33465312
240223333
266078753
4525095
72426901
16324251
14194237
180386324
1327090
393733526
40225994
90143118
67020828
57747817
343528645
142635186
293430801
228585863
43108729
21476954
296869131
50792529
124578455
91723946
221045515
187772536
104740724
424422343
34644877
462337059
217520793
322319236
145669290
41447576
435868599
313543316
164708891
81525538
6357121
103592440
147285580
318388001
223427188
209078626
300279715
2576984
94939231
164615270
28219668
78156508
5046326
366304444
186675649
390774337
384207863
17232961
57853667
250991656
169815838
30158836
102908656
5736444
143055688
5172285
152628337
456067921
97933744
39788091
229083001
11230135
21361609
134969560
116955438
5394768
8893183
87738191
18065755
71571371
108206896
23366558
98526780
3992581
153311652
123474609
346360
5743192
150934016
13398231
338286827
214910873
83368438
134968177
383656477
297314367
179182837
204430287
48291895
35318901
49230481
409739432
554209
258052929
135411706
113825317
232030779
241350712
155545012
14475443
155419703
74841919
20193626
298108689
217058263
386435240
115378880
62753925
116676948
32219533
28374193
399500479
94824593
39162757
46625476
223388639
269274369
129106792
11218021
196214097
283252524
67006993
69224086
231277292
221905531
228277136
65537176
176816796
448082000
80825076
99411373
161420584
1610678
16893328
270797413
156556093
62065451
52443601
247372933
86821000
423258394
234480218
48659704
12225901
112952715
187602110
90647647
97839907
20071743
15874073
10510521
36041373
328246
294183961
168820633
84137611
49094128
160336045
127539126
105112635
485280265
81442
268869124
277480710
19930554
126392071
51911253
21361095
15840331
15816790
78555404
352267273
20379137
7816436
84318356
295491953
208560574
55321683
104659233
105833459
322664438
12960437
716414
189990132
39962099
62884439
336565488
46013250
17357288
409006792
59848516
209608701
431570678
67625858
76922378
68698330
115040368
23043209
16466305
51440449
297101719
16423804
82959449
176189089
654589
342047808
155103680
92383534
130322257
46100601
46642321
198195426
145423720
890526
2691550
82305059
221789115
77488609
92691551
70778411
46013158
5159470
486790147
6108577
403308868
364112596
19182818
224400111
310465553
43220761
374979098
176373466
119911793
11424740
168127308
59539285
3908998
30579689
250605239
4243457
140777785
94151541
82427066
394846036
110252065
44142957
71448519
221498809
90427254
56633792
187084831
106508496
11889821
189640471
3962639
57325087
84544838
22263216
390596312
66238921
81560857
57256675
133913094
43528363
232895521
5041863
36482875
191254316
154811989
6338344
70653871
51932651
147408187
44830111
324717587
181866281
405162550
1805861
45258991
18915523
286968134
196496456
72458263
105777991
98419213
132925878
40490104
56604736
9190777
14825761
61016665
186883345
242671643
32054093
100729266
102158713
143626132
382590346
36932380
236883
12486280
6065368
5227687
35045011
130573055
106852481
59831353
48308836
137516101
131470473
13175590
145913509
139012193
98056876
174969113
24752183
292281130
46189532
216399066
61709466
290892770
4804465
476009104
21172141
13412452
413344996
129094830
81935453
305861009
104743585
543526
269712955
32719369
79889153
2881683
21510651
18397731
251459183
6021873
8831219
203985552
108963931
65924663
8753764
31529719
72540700
75013878
128045831
11166351
28154388
346080781
287638778
159939124
204934853
179047081
23363614
58626019
69431948
217920431
266932975
29760733
94556204
116703770
199867258
275522038
110198179
35429417
429594007
165267991
503691511
171200061
75202173
313986601
147955313
370692984
13219631
142246623
3599201
39785305
18793807
244426576
94856733
3354137
78443681
170162492
28366523
88187684
25461001
97046741
155272169
114333857
90248926
122897051
260909863
93805045
23554234
686079
337498607
184837321
308779966
113550508
14482867
116871277
48791218
40176475
392795901
37754366
193033281
228602797
58837985
339138203
123778201
21804841
114096959
6329058
95580223
347090176
256574096
82126377
882391
22749673
52506901
86244775
47249866
106627945
48406512
315943998
90815603
4058614
14821876
190720726
184588307
27185751
225225456
229532641
21745171
11957701
370292834
5706499
297230436
54606232
6866881
341457397
87050076
385064545
220849037
227752469
398524874
117910098
60333526
135126311
29594149
213018319
303630001
421309649
75489997
429680481
236737958
401313121
270225337
140477086
397908971
409099521
154807957
331376672
298115641
263159205
310115916
205409888
114628053
109655433
358600213
16449005
343651276
89426921
18658810
127999582
90250401
490490686
21254423
217864551
15807356
21222441
80113164
66461252
5782138
115816441
113231707
38502691
381203568
58227401
27104351
142439681
82656142
92696378
229488257
112381948
90002261
41748297
81340484
325333061
198577083
1943451
75046258
206703178
25632073
136697893
178182113
6538737
100318309
341601931
71097951
91756170
131527914
114605873
449581581
56915489
72840267
25856701
10530766
81866636
4758683
107426561
25834381
392913923
166878966
305149321
68181699
8014202
77959099
34374489
93575959
27397169
143397037
19335085
11560069
208085917
55779253
72663396
123864188
300428258
402921249
138138292
225255721
42067186
990392
27748201
174479516
120156667
9329303
72082423
46318661
138662005
52023280
55799866
161538770
2215333
66946066
925250
8198389
45765387
191251229
195106481
451012
88801021
354647041
134739039
3193551
275548763
34399076
70438081
48154239
241254000
195419251
61542872
43821851
68371606
15935331
101220113
16639530
158431873
285958837
54495301
70098981
50800007
319052721
286559626
47383777
35401294
22812574
123645214
247323092
223499291
433055606
57658546
178948128
23206184
174716325
42379313
273506677
9224580
62245976
374029561
237459041
8330371
22731926
302599613
421957054
59747113
213277408
14485573
85824721
33420659
52264164
103979071
369451354
312215646
53717648
2756935
379498568
116346401
170522092
45518401
29510846
152384271
150340958
71927566
327265824
28667332
348017964
128880496
28683563
243640801
89816109
117504001
7426974
43629466
183752546
360885221
497319745
118040
311250141
63883711
107047373
81734176
250053130
49150349
76466467
305150671
5489601
15909218
213681761
319866869
5519833
24637223
127404133
189212890
2271001
114317253
72945757
238786353
157345696
271024918
181097797
149870053
295020989
76100101
54882224
431617267
183608020
77058010
148693661
28316051
83090432
93338947
112777080
250331247
281004086
66449711
20510519
150481693
99635426
427153608
39113551
196413080
48681473
197035749
125041057
121518453
314534731
153902785
34517575
90039077
