256
6
1
1
1
13
1
16
1
17
16
3
9
9
7
5
19
2
13
11
6
7
16
17
19
15
19
11
17
6
1
7
18
5
14
8
6
1
1
9
10
5
3
13
1
17
7
6
17
1
13
6
11
3
1
17
5
5
13
1
18
5
5
4
1
3
11
11
19
11
10
11
14
13
18
9
4
1
3
9
12
17
9
19
9
2
20
16
7
13
9
17
17
1
17
6
14
17
7
3
2
6
1
5
1
1
1
5
1
6
11
17
11
1
13
1
17
19
11
6
8
17
17
9
5
3
17
6
16
1
7
6
17
1
12
14
17
11
9
5
1
16
1
19
3
19
7
1
11
11
6
8
1
13
17
9
11
6
15
6
11
16
13
1
6
9
16
1
13
14
1
1
9
5
11
16
5
11
1
1
17
15
18
8
18
13
13
1
13
1
5
1
18
1
19
6
1
11
13
9
20
3
13
1
1
7
11
6
11
17
11
2
16
10
1
12
5
13
17
8
9
17
20
9
17
1
20
8
11
1
13
1
1
9
1
9
11
13
4
1
17
4
9
11
6
11
5
1
9
17
1
13
8
16
11
19
9
